[Lasercal]
f_lam0 = 405.0
f_scalxy = 0.92
b_fitxy = 0
i_imx = 720
i_imy = 576
f_f0 = 7.0
f_pix = 0.0086
f_grat = 600.0
f_rotdeg = 0.0
i_binning = 1
s_comment = Watec 902 H2 ultimate, Tamron f =7 mm F/1.2
s_infile = calib\caladd9
s_outfil = calib\caladd9
s_linelist = l
b_sqrt = 0

[Calib]
scalxy = 0.92
x00 = 347.25488
y00 = 324.9728
rot = -0.0063136714
disp0 = 1.9970464
a3 = 3.6179387e-07
a5 = -5.4079126e-13

[Options]
zoom = 1.0
win_width = 1060
win_height = 660
win_x = 50
win_y = 20
calc_off_x = 355
calc_off_y = 50
setup_off_x = 250
setup_off_y = 120
debug = 0
fit-report = 0
scale_win2ima = 0
comment = 

