[Lasercal]
f_lam0 = 405.0
f_scalxy = 1.0
b_fitxy = 0
i_imx = 3840
i_imy = 2160
f_f0 = 24.0
f_pix = 0.00832
f_grat = 600.0
f_rotdeg = 0.0
i_binning = 2
s_comment = Sony alpha, f 24 mm
s_infile = sony/calib2k
s_outfil = sony/calib2k

[Calib]
scalxy = 1.0
x00 = 953.3508684132236
y00 = 547.0873636640123
rot = -0.012352211369287523
disp0 = 1.2763356272969484
a3 = 1.8386668878523818e-07
a5 = 2.031462462324112e-13

